#include C:\Users\PMartin\Documents\Autohotkey Scripts\COM.ahk

:c*o:newGuid::
sendraw,% CreateGUID()
return
:c*o:newName::
SendRaw, % RandomName(3, 12)
return


CreateGUID()
{
  local pST, pGUID, sGUID
  COM_CoInitialize()
  pST := COM_ActiveXObject("Scriptlet.TypeLib")
  DllCall(COM_VTable(pST, 21), "Uint", pST, "UIntP", pGUID)
  COM_Unicode2Ansi(pGUID, sGUID)
  COM_SysFreeString(pGUID)
  COM_CoUninitialize()
  Return sGUID
}

;MinLength is the shortest allowed name, defaulting to 4.
;MaxLength is the longest allowed name.  It defaults to 0, indicating no maximum length.

RandomName(MinLength=4, MaxLength=0, Word="")
{

   ;This is a table of probabilities of given letter combinations.
   ;Each list is the probability of any letter coming after the two letters that are the variable name.
   ;The 27th value is the probability that the word ends with the current letter.

   A_A=0.137648|0.020046|0.026155|0.028064|0.010118|0.014318|0.021382|0.022146|0.015273|0.004009|0.025964|0.071401|0.035319|0.108820|0.004009|0.018519|0.003436|0.127721|0.058037|0.075983|0.006873|0.012027|0.004391|0.001909|0.013555|0.005727|0.127148
   A_B=0.086858|0.049249|0.006905|0.017502|0.079389|0.002302|0.003778|0.006992|0.128507|0.002345|0.002345|0.334014|0.003301|0.004777|0.074438|0.001477|0.000955|0.041518|0.037827|0.003214|0.028533|0.000738|0.002693|0.000738|0.014288|0.001303|0.064015
   A_C=0.046110|0.002522|0.067775|0.004889|0.137145|0.002290|0.002650|0.151554|0.076523|0.000566|0.155645|0.013663|0.005146|0.004117|0.057946|0.002933|0.007153|0.036795|0.014924|0.112186|0.023029|0.001132|0.001415|0.000566|0.013071|0.002419|0.055836
   A_D=0.092368|0.009663|0.010041|0.080175|0.161747|0.007172|0.008153|0.013325|0.127019|0.015363|0.003963|0.020572|0.032953|0.012419|0.085007|0.005398|0.001321|0.040956|0.039597|0.010116|0.021667|0.025102|0.008795|0.000793|0.021176|0.003661|0.141477
   A_E=0.033894|0.011054|0.027773|0.033254|0.007765|0.014343|0.022748|0.025397|0.009958|0.002284|0.006395|0.054358|0.039649|0.064864|0.034168|0.010049|0.002558|0.116024|0.053079|0.052713|0.016444|0.008405|0.004294|0.001827|0.003837|0.004568|0.338297
   A_F=0.059734|0.008452|0.009168|0.006303|0.093540|0.242086|0.006016|0.003295|0.078929|0.003008|0.005300|0.027790|0.006589|0.008308|0.048704|0.005587|0.000716|0.051569|0.021630|0.187222|0.017046|0.002005|0.004727|0.004011|0.004297|0.002435|0.091534
   A_G=0.095728|0.004558|0.002764|0.005334|0.304980|0.002231|0.066680|0.018282|0.090199|0.000388|0.000582|0.033122|0.014160|0.060569|0.083507|0.003492|0.000388|0.058436|0.025799|0.005577|0.045730|0.000436|0.004025|0.000194|0.008874|0.000776|0.063188
   A_H=0.152627|0.005467|0.022760|0.010934|0.061252|0.002678|0.006136|0.010599|0.052326|0.002678|0.005913|0.066049|0.034252|0.036595|0.052549|0.008591|0.001339|0.045632|0.033806|0.018409|0.027223|0.004128|0.006583|0.000669|0.011380|0.002566|0.316858
   A_I=0.012440|0.009342|0.026187|0.043613|0.010601|0.004502|0.022992|0.005325|0.004598|0.003292|0.015732|0.177792|0.031173|0.259306|0.009052|0.006196|0.001065|0.123336|0.078174|0.062200|0.002565|0.008277|0.002904|0.004453|0.003582|0.007454|0.063846
   A_J=0.218502|0.009692|0.018062|0.023348|0.122026|0.003965|0.006167|0.008811|0.110573|0.010573|0.013656|0.016300|0.016300|0.024670|0.123348|0.011894|0.001762|0.010132|0.010573|0.007048|0.061233|0.005286|0.005727|0.001322|0.003965|0.004846|0.150220
   A_K=0.103868|0.003885|0.005698|0.003195|0.288379|0.004835|0.001727|0.022708|0.141685|0.001209|0.020117|0.016232|0.005353|0.005785|0.053790|0.003281|0.000691|0.013210|0.036004|0.021240|0.036263|0.002849|0.003367|0.000518|0.009238|0.001640|0.193231
   A_L=0.064879|0.012890|0.021913|0.022108|0.074462|0.011171|0.010520|0.002721|0.136425|0.000638|0.017903|0.192620|0.019621|0.006575|0.038592|0.014010|0.000664|0.003737|0.028670|0.034061|0.019986|0.011900|0.002903|0.000273|0.014882|0.002422|0.233451
   A_M=0.117733|0.071985|0.006666|0.005387|0.182048|0.003866|0.002922|0.003500|0.126377|0.001187|0.002648|0.008918|0.067785|0.012236|0.064984|0.093687|0.000304|0.010227|0.038321|0.007275|0.018932|0.001461|0.002892|0.000274|0.015554|0.001157|0.131673
   A_N=0.056041|0.003272|0.057151|0.121644|0.047608|0.003652|0.065311|0.005219|0.075750|0.003895|0.027412|0.005599|0.002882|0.047374|0.041191|0.002357|0.001840|0.002512|0.057794|0.121888|0.011432|0.002230|0.002551|0.000691|0.008491|0.006787|0.217425
   A_O=0.011077|0.040319|0.035002|0.019938|0.012406|0.012406|0.014178|0.020824|0.023926|0.007532|0.021710|0.071334|0.020824|0.045636|0.007975|0.016837|0.004874|0.078866|0.051396|0.031015|0.055826|0.004874|0.007089|0.005760|0.006646|0.007532|0.364200
   A_P=0.071531|0.004098|0.006910|0.005147|0.096169|0.004718|0.001430|0.195816|0.070387|0.000905|0.002335|0.032596|0.007673|0.005671|0.080633|0.171321|0.000429|0.030833|0.048608|0.043128|0.020492|0.000905|0.003050|0.000858|0.011294|0.000286|0.082777
   A_Q=0.024893|0.005150|0.009442|0.006009|0.008584|0.007725|0.003433|0.010300|0.037768|0.003433|0.002575|0.012017|0.014592|0.006867|0.003433|0.012017|0.012876|0.008584|0.020601|0.009442|0.594850|0.006867|0.007725|0.003433|0.001717|0.002575|0.163090
   A_R=0.082689|0.027224|0.052520|0.098946|0.066695|0.007075|0.031438|0.003532|0.113241|0.001927|0.033521|0.025476|0.029187|0.025572|0.033748|0.017323|0.002813|0.053059|0.035855|0.097354|0.009362|0.009087|0.004262|0.000742|0.036514|0.004118|0.096720
   A_S=0.039807|0.004999|0.044055|0.004366|0.083650|0.002042|0.002277|0.073957|0.072807|0.000962|0.028165|0.007652|0.020936|0.005774|0.025607|0.024832|0.003943|0.003661|0.146881|0.202249|0.017040|0.001385|0.002699|0.000141|0.014341|0.003450|0.162325
   A_T=0.062835|0.002204|0.022388|0.001288|0.241116|0.002948|0.000876|0.070683|0.277381|0.000425|0.002536|0.009003|0.004568|0.004223|0.092261|0.001501|0.000146|0.029120|0.022840|0.055718|0.025163|0.000916|0.002164|0.000372|0.004940|0.005537|0.056847
   A_U=0.003936|0.024077|0.039356|0.080796|0.027086|0.026103|0.074141|0.003820|0.004514|0.001968|0.010186|0.088089|0.035537|0.053131|0.000695|0.016263|0.006193|0.084385|0.124725|0.170101|0.001273|0.008913|0.004051|0.026450|0.001331|0.005383|0.077497
   A_V=0.177624|0.001013|0.005064|0.005064|0.345028|0.001381|0.004972|0.001934|0.228269|0.000552|0.002486|0.014088|0.006446|0.009484|0.086004|0.002026|0.000645|0.016943|0.013352|0.004052|0.012707|0.003407|0.000921|0.000645|0.012063|0.000460|0.043370
   A_W=0.221329|0.022875|0.011747|0.025657|0.061360|0.017311|0.008037|0.017002|0.062287|0.001546|0.055796|0.059815|0.013292|0.072488|0.025502|0.010665|0.000927|0.023184|0.063060|0.023029|0.003400|0.002628|0.009892|0.000773|0.015301|0.001391|0.169706
   A_X=0.046886|0.017094|0.025885|0.010989|0.078877|0.012698|0.004884|0.009524|0.207082|0.001954|0.004151|0.021245|0.022955|0.011966|0.052015|0.020757|0.001709|0.012454|0.035409|0.031258|0.008547|0.008303|0.015629|0.006349|0.020024|0.001465|0.309890
   A_Y=0.104016|0.024094|0.018022|0.021156|0.105681|0.011753|0.007052|0.009696|0.032321|0.002253|0.005093|0.043291|0.033105|0.037316|0.041724|0.008717|0.000196|0.015475|0.089520|0.022625|0.010480|0.002742|0.013810|0.001469|0.006758|0.003526|0.328110
   A_Z=0.143181|0.003708|0.004738|0.012979|0.161516|0.001236|0.004738|0.007623|0.207664|0.000618|0.002266|0.015657|0.013597|0.011331|0.133086|0.002678|0.002678|0.006386|0.003502|0.005768|0.044911|0.003090|0.001442|0.003296|0.023692|0.108776|0.069839
   B_A=0.007884|0.028382|0.116145|0.027306|0.010845|0.004077|0.024806|0.014345|0.022306|0.004461|0.017768|0.115299|0.010499|0.127990|0.002115|0.006999|0.001385|0.165410|0.096108|0.078802|0.038382|0.003423|0.004077|0.001808|0.016306|0.006076|0.046996
   B_B=0.095381|0.037425|0.008127|0.003849|0.207870|0.005133|0.002566|0.004705|0.160607|0.001711|0.002352|0.131950|0.005346|0.010693|0.059025|0.002994|0.002352|0.029726|0.078486|0.003422|0.018606|0.003208|0.002139|0.001497|0.052181|0.001069|0.067579
   B_C=0.103152|0.025215|0.037822|0.040688|0.031519|0.017765|0.014327|0.086533|0.029799|0.002292|0.016619|0.059599|0.022350|0.020630|0.165616|0.019484|0.004011|0.034384|0.045845|0.016619|0.034384|0.008596|0.005158|0.003438|0.003438|0.006304|0.144413
   B_D=0.081365|0.017060|0.020997|0.014436|0.151575|0.028215|0.009843|0.007218|0.148950|0.003937|0.003937|0.017717|0.012467|0.019685|0.152231|0.012467|0.005906|0.028871|0.018373|0.009843|0.124016|0.005249|0.003937|0.003281|0.009843|0.003281|0.085302
   B_E=0.062081|0.005137|0.035740|0.043573|0.031551|0.012314|0.020876|0.016140|0.017998|0.002550|0.008525|0.118187|0.009254|0.091446|0.003498|0.004263|0.001785|0.332046|0.050933|0.047399|0.005028|0.006011|0.008817|0.003352|0.008817|0.006084|0.046597
   B_F=0.058632|0.028230|0.032573|0.022801|0.052117|0.095548|0.020630|0.010858|0.119435|0.004343|0.005429|0.056460|0.021716|0.015201|0.087948|0.030402|0.008686|0.049946|0.031488|0.019544|0.061889|0.007600|0.007600|0.005429|0.005429|0.001086|0.138979
   B_G=0.063232|0.021077|0.028103|0.005855|0.240047|0.012881|0.009368|0.012881|0.028103|0.011710|0.015222|0.035129|0.021077|0.033958|0.042155|0.024590|0.009368|0.090164|0.022248|0.024590|0.035129|0.016393|0.004684|0.007026|0.011710|0.007026|0.166276
   B_H=0.288353|0.006426|0.021687|0.013655|0.075502|0.003213|0.015261|0.012851|0.066667|0.016064|0.006426|0.006426|0.012048|0.008835|0.116466|0.015261|0.008835|0.014458|0.025703|0.020080|0.073896|0.003213|0.004016|0.000803|0.014458|0.002410|0.146988
   B_I=0.054885|0.024235|0.049183|0.027744|0.047922|0.012885|0.033776|0.003783|0.004222|0.004825|0.008389|0.201886|0.009431|0.139105|0.076818|0.009266|0.003071|0.058669|0.058724|0.116241|0.006744|0.005648|0.001700|0.002029|0.001974|0.009157|0.027689
   B_J=0.042113|0.010707|0.014989|0.010707|0.419700|0.011420|0.011420|0.009993|0.025696|0.006424|0.004283|0.012848|0.013562|0.012848|0.076374|0.015703|0.005710|0.011420|0.032834|0.007852|0.064954|0.010707|0.004996|0.007852|0.004283|0.001428|0.149179
   B_K=0.076923|0.034691|0.054299|0.016591|0.096531|0.024133|0.045249|0.027149|0.090498|0.006033|0.015083|0.027149|0.027149|0.037707|0.061840|0.022624|0.004525|0.025641|0.040724|0.012066|0.033183|0.007541|0.012066|0.003017|0.007541|0.004525|0.185520
   B_L=0.128924|0.000868|0.001582|0.003164|0.524728|0.000612|0.000817|0.000561|0.102230|0.000715|0.006635|0.001939|0.000715|0.001786|0.085439|0.001378|0.000510|0.000919|0.002654|0.002960|0.040321|0.000919|0.000561|0.000408|0.072220|0.000255|0.016179
   B_M=0.187573|0.015826|0.039273|0.015240|0.106096|0.014654|0.009965|0.011137|0.110785|0.005862|0.010551|0.008792|0.010551|0.015826|0.109027|0.036342|0.004103|0.015826|0.048652|0.024033|0.058030|0.008206|0.007620|0.003517|0.008792|0.004103|0.109613
   B_N=0.088665|0.009141|0.041133|0.020110|0.293419|0.021024|0.008227|0.017367|0.091408|0.006399|0.010055|0.025594|0.015539|0.011883|0.098720|0.009141|0.008227|0.031993|0.021024|0.010969|0.049360|0.004570|0.005484|0.007313|0.012797|0.004570|0.075868
   B_O=0.060506|0.020566|0.020358|0.033724|0.020877|0.004869|0.020877|0.012640|0.020203|0.002487|0.007667|0.085215|0.018908|0.096249|0.085682|0.008703|0.001243|0.132770|0.046881|0.055584|0.086614|0.010723|0.032325|0.042219|0.029217|0.005854|0.037039
   B_P=0.133106|0.017065|0.032992|0.044369|0.061433|0.013652|0.013652|0.039818|0.039818|0.009101|0.006826|0.051195|0.013652|0.011377|0.075085|0.017065|0.018203|0.138794|0.037543|0.042093|0.037543|0.009101|0.012514|0.004551|0.010239|0.005688|0.103527
   B_Q=0.041199|0.018727|0.022472|0.014981|0.014981|0.029963|0.029963|0.037453|0.052434|0.007491|0.022472|0.059925|0.022472|0.029963|0.011236|0.018727|0.026217|0.048689|0.044944|0.033708|0.127341|0.022472|0.014981|0.014981|0.018727|0.007491|0.205993
   B_R=0.281644|0.001490|0.001986|0.003476|0.172450|0.001924|0.002669|0.000745|0.187225|0.000745|0.003476|0.001179|0.001428|0.002235|0.209696|0.000931|0.000435|0.001676|0.002421|0.001614|0.079955|0.000993|0.000869|0.000310|0.023155|0.002111|0.013160
   B_S=0.025205|0.006301|0.090737|0.029406|0.113001|0.005881|0.005041|0.020794|0.053140|0.002941|0.013022|0.009662|0.009032|0.008402|0.080445|0.018694|0.003571|0.009452|0.012812|0.182315|0.027095|0.003991|0.004831|0.001680|0.013233|0.002310|0.247007
   B_T=0.096509|0.007529|0.021218|0.008214|0.164956|0.017796|0.010951|0.036961|0.080767|0.004107|0.008214|0.041068|0.018480|0.036961|0.056810|0.014374|0.002738|0.098563|0.032854|0.015743|0.049966|0.007529|0.010267|0.004107|0.016427|0.004791|0.132101
   B_U=0.005350|0.013997|0.059211|0.029166|0.019713|0.061850|0.039279|0.007475|0.030265|0.002492|0.009746|0.117837|0.028360|0.059944|0.005716|0.003151|0.001905|0.231716|0.120915|0.110289|0.003298|0.001099|0.000366|0.003298|0.007108|0.008427|0.018027
   B_V=0.079038|0.025773|0.030928|0.013746|0.152921|0.022337|0.024055|0.024055|0.202749|0.010309|0.010309|0.027491|0.029210|0.008591|0.053265|0.018900|0.017182|0.037801|0.024055|0.013746|0.006873|0.013746|0.012027|0.015464|0.003436|0.005155|0.116838
   B_W=0.164557|0.018083|0.030741|0.003617|0.113924|0.012658|0.007233|0.059675|0.083183|0.009042|0.001808|0.007233|0.009042|0.027125|0.130199|0.019892|0.014467|0.036166|0.025316|0.019892|0.016275|0.009042|0.057866|0.009042|0.007233|0.003617|0.103074
   B_X=0.050676|0.023649|0.016892|0.033784|0.033784|0.016892|0.020270|0.013514|0.033784|0.010135|0.003378|0.030405|0.064189|0.037162|0.037162|0.027027|0.000000|0.013514|0.047297|0.064189|0.010135|0.016892|0.030405|0.033784|0.013514|0.006757|0.310811
   B_Y=0.026021|0.006867|0.016625|0.010481|0.042645|0.005060|0.009758|0.009758|0.016625|0.002891|0.005060|0.045898|0.005782|0.032888|0.017709|0.023853|0.000723|0.056740|0.059993|0.164799|0.009758|0.002891|0.009035|0.004337|0.003614|0.006505|0.403686
   B_Z=0.093897|0.014085|0.032864|0.028169|0.117371|0.018779|0.009390|0.028169|0.061033|0.018779|0.009390|0.014085|0.009390|0.014085|0.065728|0.009390|0.014085|0.028169|0.018779|0.000000|0.079812|0.023474|0.014085|0.023474|0.018779|0.061033|0.173709
   C_A=0.002327|0.023517|0.019512|0.026829|0.007205|0.007116|0.007406|0.005348|0.011054|0.003513|0.004766|0.245217|0.039382|0.101072|0.006646|0.048645|0.000850|0.153476|0.060191|0.128706|0.016760|0.012844|0.002484|0.001275|0.003871|0.002707|0.057282
   C_B=0.091144|0.030036|0.044019|0.012947|0.051269|0.016572|0.018125|0.018643|0.052822|0.016572|0.022268|0.042983|0.037286|0.029001|0.056965|0.030036|0.012947|0.069394|0.035733|0.020197|0.050233|0.020715|0.015536|0.019679|0.030554|0.009322|0.145003
   C_C=0.127024|0.009695|0.019169|0.010797|0.094084|0.007271|0.004517|0.071279|0.123609|0.003966|0.006390|0.055084|0.013000|0.011898|0.146965|0.008703|0.004627|0.030076|0.028644|0.018508|0.088355|0.005949|0.004847|0.003856|0.008483|0.003966|0.089237
   C_D=0.077074|0.030928|0.052528|0.024055|0.121257|0.027982|0.011291|0.010309|0.068238|0.006873|0.003927|0.024546|0.022091|0.020128|0.117329|0.029946|0.004909|0.055474|0.041728|0.018164|0.031910|0.005891|0.008346|0.005400|0.008837|0.002455|0.168385
   C_E=0.049050|0.008279|0.010506|0.044876|0.010680|0.007514|0.004035|0.003548|0.017429|0.001879|0.007375|0.080881|0.022925|0.132192|0.033152|0.059278|0.000974|0.109789|0.107284|0.033674|0.003861|0.005149|0.005218|0.001461|0.004975|0.000835|0.233180
   C_F=0.094253|0.023755|0.032950|0.022989|0.039847|0.026054|0.031418|0.010728|0.088889|0.016092|0.011494|0.063602|0.018391|0.017625|0.050575|0.018391|0.010728|0.055939|0.052874|0.039080|0.038314|0.029885|0.015326|0.037548|0.018391|0.031418|0.103448
   C_G=0.090403|0.012054|0.038479|0.027353|0.071859|0.018544|0.019471|0.023644|0.074641|0.027816|0.025962|0.070005|0.021790|0.035698|0.057487|0.032452|0.018081|0.075104|0.028280|0.022253|0.044043|0.012517|0.031062|0.010199|0.015763|0.010199|0.084840
   C_H=0.158509|0.006760|0.004106|0.004530|0.193742|0.004583|0.003221|0.004371|0.147572|0.000779|0.006707|0.030226|0.019413|0.024457|0.084024|0.004283|0.001734|0.048117|0.015485|0.029252|0.037393|0.001840|0.013980|0.000708|0.017467|0.002867|0.133875
   C_I=0.127593|0.014051|0.027532|0.064738|0.059792|0.030596|0.006084|0.004202|0.007791|0.001882|0.005034|0.050206|0.019522|0.139849|0.086448|0.040357|0.000657|0.052175|0.062243|0.099098|0.010724|0.016983|0.001663|0.001663|0.000131|0.020923|0.048061
   C_J=0.075506|0.022099|0.023941|0.012891|0.040516|0.014733|0.018416|0.022099|0.062615|0.022099|0.034991|0.029466|0.038674|0.029466|0.047882|0.027624|0.014733|0.027624|0.060773|0.034991|0.049724|0.009208|0.034991|0.020258|0.036832|0.033149|0.154696
   C_K=0.036583|0.020905|0.010367|0.007668|0.191013|0.011909|0.009210|0.018206|0.076508|0.003984|0.004926|0.059716|0.022704|0.016878|0.017306|0.010452|0.000814|0.010067|0.086575|0.013108|0.008825|0.002870|0.015807|0.002570|0.016021|0.001928|0.323081
   C_L=0.269633|0.002865|0.003455|0.003033|0.241743|0.001348|0.001938|0.001095|0.162791|0.000506|0.003202|0.002781|0.003286|0.003539|0.154196|0.003033|0.000506|0.006151|0.005561|0.003118|0.078699|0.001517|0.001095|0.001180|0.015588|0.000169|0.027974
   C_M=0.162721|0.015497|0.037882|0.153681|0.062419|0.009901|0.007749|0.014636|0.070168|0.003013|0.008610|0.011623|0.012914|0.013775|0.048214|0.078347|0.002152|0.015067|0.055532|0.021093|0.046061|0.012914|0.006888|0.002152|0.013775|0.002152|0.111063
   C_N=0.139656|0.007603|0.010004|0.006803|0.284914|0.007203|0.006002|0.004802|0.118447|0.004402|0.002801|0.007603|0.008003|0.008003|0.090036|0.012805|0.004002|0.013205|0.019608|0.071629|0.049620|0.010404|0.004402|0.003601|0.008804|0.002801|0.092837
   C_O=0.018455|0.010600|0.027091|0.023488|0.014527|0.005758|0.013422|0.006825|0.013269|0.000705|0.001678|0.098107|0.165367|0.231102|0.017406|0.050350|0.001277|0.096086|0.038168|0.027834|0.054582|0.012792|0.007797|0.003298|0.002574|0.001849|0.055593
   C_P=0.094587|0.009459|0.029427|0.031004|0.046243|0.009459|0.014188|0.056227|0.052023|0.004204|0.005255|0.051498|0.014714|0.010510|0.040462|0.038360|0.004204|0.064635|0.053600|0.044141|0.047819|0.006306|0.006831|0.003678|0.025749|0.003678|0.231739
   C_Q=0.019578|0.010542|0.012048|0.010542|0.009036|0.012048|0.016566|0.009036|0.013554|0.009036|0.012048|0.001506|0.007530|0.009036|0.007530|0.019578|0.007530|0.013554|0.004518|0.012048|0.600904|0.013554|0.006024|0.007530|0.001506|0.006024|0.147590
   C_R=0.182030|0.001675|0.006341|0.003470|0.199916|0.001615|0.001077|0.001017|0.160675|0.000479|0.000957|0.002991|0.002213|0.003111|0.282706|0.002991|0.000060|0.001735|0.004367|0.004666|0.065323|0.001436|0.001615|0.000538|0.051385|0.000239|0.015374
   C_S=0.035747|0.012690|0.036366|0.015630|0.049520|0.008047|0.006809|0.017951|0.070412|0.002940|0.005262|0.013463|0.012690|0.014547|0.027081|0.017332|0.002167|0.010523|0.021356|0.049366|0.032962|0.006190|0.007273|0.001393|0.013773|0.001393|0.507119
   C_T=0.073533|0.002334|0.006621|0.002930|0.087209|0.004776|0.000977|0.005698|0.304010|0.000271|0.000705|0.014218|0.003690|0.005590|0.154773|0.003256|0.000326|0.084767|0.034135|0.002822|0.064688|0.001899|0.002171|0.001248|0.018560|0.000543|0.118250
   C_U=0.017994|0.034665|0.014542|0.017994|0.013440|0.007124|0.002644|0.001616|0.015276|0.001469|0.002717|0.279524|0.090188|0.035546|0.009988|0.035546|0.000294|0.190805|0.108182|0.089160|0.003305|0.001836|0.000514|0.001028|0.001983|0.003085|0.019536
   C_V=0.162374|0.027996|0.019037|0.025756|0.069429|0.023516|0.008959|0.006719|0.088466|0.007839|0.001120|0.015677|0.069429|0.008959|0.026876|0.027996|0.006719|0.043673|0.058231|0.111982|0.013438|0.011198|0.001120|0.043673|0.000000|0.002240|0.117581
   C_W=0.142384|0.011589|0.016556|0.024834|0.092715|0.013245|0.011589|0.051325|0.144040|0.004967|0.008278|0.021523|0.028146|0.019868|0.074503|0.018212|0.001656|0.057947|0.041391|0.014901|0.008278|0.013245|0.018212|0.004967|0.011589|0.004967|0.139073
   C_X=0.026866|0.017910|0.026866|0.044776|0.071642|0.002985|0.029851|0.011940|0.041791|0.014925|0.008955|0.035821|0.041791|0.032836|0.035821|0.041791|0.000000|0.014925|0.020896|0.035821|0.017910|0.014925|0.026866|0.047761|0.011940|0.017910|0.304478
   C_Y=0.059166|0.048691|0.122987|0.006208|0.009311|0.001940|0.012221|0.003104|0.001552|0.002134|0.002716|0.046945|0.024442|0.033560|0.011639|0.034918|0.000388|0.022308|0.083996|0.123763|0.001358|0.001552|0.000970|0.001746|0.000776|0.001164|0.340446
   C_Z=0.158416|0.002475|0.007426|0.003300|0.154290|0.002475|0.009901|0.003300|0.022277|0.002475|0.042904|0.005776|0.014851|0.029703|0.028053|0.002475|0.003300|0.002475|0.006601|0.005776|0.019802|0.001650|0.004950|0.004125|0.147690|0.012376|0.301155
   D_A=0.004859|0.024709|0.039743|0.024169|0.075997|0.005939|0.019684|0.020972|0.025623|0.001620|0.011130|0.099543|0.051163|0.096304|0.003654|0.014410|0.001827|0.090864|0.038414|0.126827|0.016362|0.026121|0.010133|0.001744|0.034842|0.005150|0.128198
   D_B=0.132616|0.010753|0.017523|0.011151|0.115094|0.013540|0.009160|0.009160|0.055356|0.002788|0.010753|0.079650|0.037037|0.009160|0.117085|0.009956|0.001593|0.059737|0.030267|0.013939|0.094385|0.003584|0.003584|0.015133|0.031063|0.008761|0.097172
   D_C=0.138559|0.016949|0.028814|0.013983|0.020339|0.013136|0.011441|0.100000|0.018220|0.004661|0.007627|0.047458|0.031356|0.018644|0.173729|0.013559|0.001695|0.046610|0.044068|0.015678|0.032203|0.008898|0.004661|0.002966|0.002542|0.000847|0.181356
   D_D=0.072651|0.010010|0.011624|0.020181|0.183242|0.007265|0.002583|0.012916|0.176461|0.002583|0.001453|0.140620|0.009525|0.007427|0.048111|0.007427|0.002745|0.086535|0.020181|0.008395|0.024378|0.003390|0.002583|0.002260|0.050856|0.000484|0.084114
   D_E=0.031720|0.018958|0.054703|0.038713|0.015693|0.037267|0.010017|0.007976|0.010147|0.002634|0.005138|0.077612|0.051012|0.110946|0.012002|0.026192|0.001336|0.195218|0.091840|0.027138|0.006771|0.030329|0.007160|0.011668|0.002616|0.003320|0.111874
   D_F=0.101104|0.014526|0.019756|0.021499|0.043579|0.030215|0.009878|0.009878|0.178966|0.009297|0.006392|0.079605|0.017432|0.018594|0.129576|0.008135|0.004067|0.055200|0.029634|0.013945|0.067984|0.008716|0.009297|0.002324|0.002905|0.000000|0.107496
   D_G=0.046916|0.004426|0.006197|0.005901|0.608734|0.004721|0.002656|0.007082|0.078194|0.002656|0.003541|0.016524|0.024786|0.005016|0.022721|0.005606|0.001180|0.043966|0.009442|0.006492|0.018590|0.002951|0.008557|0.002066|0.013868|0.000885|0.046326
   D_H=0.275534|0.001900|0.009976|0.010451|0.171971|0.003325|0.003800|0.008551|0.087886|0.002850|0.005226|0.013777|0.007126|0.004751|0.148219|0.010451|0.004751|0.019002|0.009026|0.006176|0.072684|0.005701|0.007126|0.000475|0.017577|0.001900|0.089786
   D_I=0.107611|0.011364|0.083256|0.017179|0.049350|0.024809|0.032625|0.002454|0.002934|0.001947|0.006402|0.023341|0.024248|0.142396|0.053459|0.020674|0.001040|0.045402|0.187185|0.061995|0.015872|0.025742|0.001307|0.004455|0.001841|0.015899|0.035212
   D_J=0.154059|0.009225|0.010148|0.017528|0.092251|0.009225|0.015683|0.012915|0.083026|0.008303|0.012915|0.011070|0.020295|0.007380|0.091328|0.010148|0.007380|0.012915|0.017528|0.015683|0.240775|0.006458|0.010148|0.000923|0.009225|0.001845|0.111624
   D_K=0.088197|0.019455|0.025940|0.014267|0.169909|0.015564|0.018158|0.016861|0.207523|0.007782|0.009079|0.025940|0.012970|0.042802|0.060960|0.010376|0.007782|0.038911|0.023346|0.009079|0.032425|0.011673|0.011673|0.000000|0.009079|0.003891|0.106355
   D_L=0.064555|0.002741|0.008374|0.002588|0.411389|0.002893|0.016139|0.001979|0.162759|0.001979|0.002284|0.007765|0.003806|0.004111|0.065012|0.002588|0.001066|0.004415|0.007765|0.002588|0.016900|0.002436|0.001218|0.000457|0.156973|0.000305|0.044915
   D_M=0.289456|0.013094|0.022743|0.010682|0.094073|0.007236|0.009649|0.004824|0.212612|0.006203|0.002412|0.008270|0.011371|0.009649|0.108201|0.012750|0.002068|0.008270|0.037216|0.005169|0.032047|0.003446|0.002068|0.001723|0.003446|0.002412|0.078911
   D_N=0.176325|0.003845|0.006866|0.008789|0.408404|0.002472|0.004394|0.003021|0.091458|0.004944|0.002197|0.006042|0.006042|0.003570|0.071409|0.003570|0.002472|0.006042|0.024444|0.007141|0.055205|0.002746|0.003021|0.001923|0.008789|0.000000|0.084867
   D_O=0.006091|0.014973|0.055147|0.017576|0.016042|0.007533|0.028690|0.006975|0.011904|0.001767|0.007254|0.056961|0.084488|0.137729|0.031805|0.025063|0.000372|0.102297|0.066400|0.031247|0.057798|0.012973|0.095555|0.008649|0.003208|0.005859|0.105645
   D_P=0.155161|0.007232|0.033531|0.015122|0.051940|0.007890|0.006575|0.026298|0.090072|0.003945|0.005260|0.069034|0.021039|0.010519|0.094017|0.014464|0.001972|0.124918|0.037475|0.038133|0.030901|0.001972|0.009862|0.004602|0.012492|0.001972|0.123603
   D_Q=0.018462|0.021538|0.030769|0.024615|0.030769|0.012308|0.012308|0.006154|0.043077|0.012308|0.015385|0.027692|0.018462|0.009231|0.027692|0.027692|0.015385|0.021538|0.027692|0.033846|0.286154|0.024615|0.015385|0.009231|0.012308|0.009231|0.206154
   D_R=0.241694|0.001828|0.004053|0.003259|0.161103|0.001510|0.002702|0.002384|0.178430|0.000636|0.001510|0.002305|0.003338|0.002146|0.241933|0.002543|0.000477|0.001669|0.008425|0.001828|0.060006|0.005007|0.001987|0.000636|0.026864|0.001907|0.039819
   D_S=0.019291|0.009813|0.031668|0.004795|0.043934|0.004349|0.005241|0.031222|0.026427|0.001784|0.013715|0.011262|0.021409|0.007917|0.042819|0.024309|0.001561|0.007248|0.013492|0.103256|0.015834|0.006802|0.010147|0.000558|0.008809|0.002676|0.529661
   D_T=0.061442|0.009453|0.011816|0.004726|0.070106|0.005908|0.005120|0.153210|0.050020|0.002757|0.013785|0.011028|0.018117|0.008271|0.065380|0.006696|0.002363|0.050020|0.034265|0.009059|0.011028|0.011816|0.004726|0.002757|0.016542|0.002363|0.357227
   D_U=0.046267|0.033862|0.179034|0.016987|0.033415|0.015758|0.013523|0.005364|0.014975|0.004023|0.019110|0.116115|0.074318|0.092088|0.019222|0.041574|0.003129|0.097675|0.092758|0.026375|0.003800|0.007376|0.001229|0.002235|0.002794|0.004359|0.032633
   D_V=0.207588|0.006442|0.014316|0.005727|0.243379|0.006442|0.010021|0.008590|0.231926|0.000716|0.004295|0.012885|0.018611|0.010737|0.060129|0.015748|0.006442|0.007874|0.018611|0.012169|0.008590|0.003579|0.002863|0.002863|0.002863|0.002863|0.073729
   D_W=0.285273|0.007209|0.005149|0.008239|0.153965|0.002575|0.003090|0.010299|0.222451|0.003605|0.002060|0.003605|0.006694|0.008239|0.153965|0.001545|0.003090|0.038620|0.011329|0.007209|0.003605|0.002060|0.004634|0.002060|0.018023|0.001545|0.029866
   D_X=0.029412|0.034759|0.048128|0.021390|0.021390|0.026738|0.013369|0.016043|0.021390|0.002674|0.005348|0.048128|0.045455|0.042781|0.010695|0.045455|0.002674|0.032086|0.029412|0.029412|0.008021|0.008021|0.016043|0.021390|0.018717|0.002674|0.398396
   D_Y=0.030072|0.017184|0.021718|0.006683|0.028401|0.008115|0.009785|0.011217|0.024344|0.001432|0.025537|0.062530|0.033174|0.153699|0.010263|0.009547|0.000955|0.010740|0.102387|0.012411|0.003103|0.003341|0.007160|0.000955|0.002148|0.000716|0.402387
   D_Z=0.064626|0.000000|0.006803|0.006803|0.113946|0.010204|0.001701|0.052721|0.357143|0.003401|0.015306|0.008503|0.005102|0.001701|0.081633|0.003401|0.000000|0.015306|0.010204|0.013605|0.054422|0.000000|0.018707|0.003401|0.023810|0.006803|0.120748
   E_A=0.002309|0.030615|0.041051|0.126822|0.028938|0.012935|0.017331|0.004428|0.002309|0.000886|0.033777|0.078687|0.040292|0.084411|0.000949|0.016541|0.000759|0.153009|0.081723|0.109301|0.041178|0.022581|0.004048|0.000791|0.000949|0.003384|0.059996
   E_B=0.131388|0.031055|0.005609|0.006751|0.187059|0.004570|0.001870|0.004674|0.067511|0.001039|0.003843|0.044142|0.009036|0.008932|0.127025|0.004882|0.000727|0.124948|0.018592|0.011529|0.096801|0.001558|0.002493|0.000312|0.014229|0.001039|0.088388
   E_C=0.061408|0.002243|0.018227|0.003822|0.050226|0.001958|0.002211|0.129197|0.064725|0.000758|0.089680|0.024734|0.003506|0.015099|0.119816|0.002875|0.000979|0.032789|0.010456|0.245664|0.042771|0.002653|0.001295|0.000695|0.005844|0.002590|0.063777
   E_D=0.030980|0.005292|0.004792|0.015917|0.061398|0.003771|0.014542|0.002604|0.088441|0.001021|0.001313|0.024772|0.005979|0.017917|0.027751|0.002438|0.000646|0.019480|0.019730|0.005229|0.020938|0.001688|0.005104|0.000542|0.004896|0.000979|0.611838
   E_E=0.006483|0.014610|0.021818|0.107058|0.032800|0.012772|0.009095|0.009434|0.008853|0.001983|0.037782|0.062019|0.029703|0.129602|0.001500|0.056166|0.001451|0.084128|0.062019|0.060907|0.002177|0.014852|0.008031|0.007353|0.002322|0.014078|0.201006
   E_F=0.088188|0.003515|0.009140|0.006730|0.117818|0.121334|0.004419|0.003616|0.148855|0.001306|0.003817|0.058658|0.004520|0.009642|0.087887|0.005725|0.001205|0.058357|0.027822|0.054841|0.075231|0.002210|0.001808|0.001708|0.006730|0.000603|0.094315
   E_G=0.200470|0.005109|0.003974|0.009488|0.143622|0.002919|0.045901|0.011840|0.111670|0.001622|0.001379|0.040629|0.020436|0.030573|0.082799|0.002514|0.000892|0.101938|0.017598|0.009813|0.061390|0.002757|0.003325|0.000730|0.013057|0.000730|0.072825
   E_H=0.130899|0.006927|0.030019|0.007793|0.151104|0.004185|0.005484|0.003752|0.043729|0.001299|0.003464|0.067398|0.032617|0.041131|0.111560|0.013710|0.002020|0.091067|0.023669|0.053976|0.027132|0.001588|0.008804|0.000289|0.025256|0.000577|0.110550
   E_I=0.014658|0.019090|0.046418|0.060906|0.020965|0.023919|0.082723|0.007500|0.003693|0.006591|0.013238|0.058179|0.041418|0.239418|0.009034|0.008750|0.000966|0.045338|0.120391|0.095563|0.001989|0.020737|0.002670|0.003068|0.001079|0.010056|0.041645
   E_J=0.186006|0.011079|0.021574|0.018076|0.158601|0.006997|0.008746|0.007580|0.047813|0.011662|0.012245|0.012245|0.009329|0.013994|0.152187|0.009913|0.003499|0.008163|0.017493|0.013411|0.106706|0.008163|0.002332|0.000583|0.002915|0.001749|0.146939
   E_K=0.086731|0.004854|0.023786|0.004854|0.120712|0.003074|0.002913|0.017152|0.080097|0.002913|0.020874|0.025405|0.008738|0.033333|0.048706|0.004854|0.000809|0.016990|0.047896|0.047411|0.016828|0.001942|0.004045|0.000647|0.005016|0.001456|0.367961
   E_L=0.065840|0.017043|0.011808|0.040867|0.133715|0.018260|0.006487|0.004713|0.103542|0.000956|0.007530|0.228162|0.020973|0.006174|0.044206|0.015599|0.000435|0.004278|0.036137|0.026659|0.011947|0.009391|0.004139|0.000435|0.045493|0.002817|0.132393
   E_M=0.179456|0.064408|0.006865|0.003765|0.157531|0.002768|0.001624|0.002805|0.161407|0.000960|0.002916|0.006644|0.029343|0.010852|0.120142|0.084413|0.000627|0.004835|0.029934|0.005463|0.023290|0.001993|0.001624|0.000443|0.006865|0.000775|0.088252
   E_N=0.040150|0.018207|0.055377|0.077736|0.092208|0.006529|0.027431|0.009147|0.054238|0.002443|0.009125|0.006146|0.004075|0.029786|0.039153|0.002772|0.000789|0.006836|0.065795|0.223853|0.014165|0.007592|0.004470|0.000318|0.006277|0.011075|0.184306
   E_O=0.009078|0.019453|0.046471|0.029612|0.007457|0.028639|0.043013|0.008862|0.013293|0.002270|0.006701|0.089593|0.044202|0.105371|0.002918|0.089484|0.000973|0.075327|0.055550|0.044634|0.179509|0.009186|0.011564|0.006160|0.001081|0.004539|0.065060
   E_P=0.100031|0.002894|0.007675|0.002642|0.083234|0.006291|0.001950|0.120730|0.120730|0.000818|0.005159|0.049890|0.006983|0.004278|0.076942|0.041397|0.000629|0.084618|0.043599|0.118654|0.031456|0.001699|0.002705|0.001762|0.005096|0.000377|0.077760
   E_Q=0.012293|0.005511|0.004239|0.004239|0.008478|0.007206|0.005511|0.003815|0.010598|0.001696|0.002543|0.004663|0.003815|0.015685|0.002120|0.005087|0.002543|0.004239|0.010598|0.008054|0.761763|0.003391|0.002967|0.001272|0.001696|0.001696|0.104281
   E_R=0.054353|0.016397|0.023138|0.012372|0.057543|0.012016|0.026401|0.006972|0.076716|0.001940|0.008064|0.017956|0.038325|0.030261|0.044632|0.012049|0.000506|0.031846|0.112068|0.040634|0.008267|0.018738|0.007603|0.000217|0.015943|0.002644|0.322398
   E_S=0.014434|0.003720|0.033863|0.002293|0.038787|0.001439|0.001450|0.017639|0.044215|0.000398|0.008235|0.005825|0.007825|0.004854|0.022505|0.020692|0.004340|0.002690|0.195457|0.142657|0.010726|0.001369|0.002386|0.000117|0.002913|0.001369|0.407804
   E_T=0.088468|0.005762|0.017426|0.004641|0.113016|0.005282|0.003061|0.078325|0.087888|0.001180|0.002781|0.010403|0.007062|0.008403|0.040793|0.007022|0.000360|0.084447|0.045294|0.121739|0.016005|0.002401|0.010343|0.001901|0.012804|0.015245|0.207947
   E_U=0.007692|0.014466|0.053042|0.085534|0.031228|0.008611|0.025258|0.005741|0.012170|0.000574|0.014122|0.025603|0.073708|0.045695|0.003904|0.035706|0.012285|0.263720|0.094719|0.099426|0.002181|0.014237|0.007463|0.021240|0.001148|0.005396|0.035132
   E_V=0.146874|0.003493|0.004299|0.003314|0.366738|0.001343|0.002149|0.000806|0.227566|0.000985|0.001702|0.010926|0.004567|0.008418|0.079706|0.003045|0.000537|0.017912|0.011016|0.003403|0.008687|0.002687|0.000896|0.000985|0.005911|0.001522|0.080512
   E_W=0.143515|0.018184|0.016803|0.014616|0.112556|0.008977|0.006445|0.025550|0.132581|0.001266|0.004258|0.020255|0.014961|0.007251|0.090804|0.014616|0.001151|0.021406|0.161699|0.019220|0.005524|0.002877|0.006100|0.001496|0.007366|0.000921|0.139602
   E_X=0.072343|0.003044|0.076323|0.005307|0.073747|0.005307|0.001717|0.017481|0.079288|0.000468|0.000390|0.006633|0.005151|0.004995|0.037459|0.151709|0.000936|0.003356|0.015218|0.233963|0.028172|0.001015|0.001717|0.006477|0.007258|0.000546|0.159981
   E_Y=0.028078|0.014832|0.012127|0.013899|0.097295|0.007463|0.002239|0.006250|0.011940|0.002705|0.003078|0.015951|0.017910|0.020802|0.011940|0.008209|0.000280|0.013153|0.055410|0.010914|0.002425|0.003172|0.010728|0.000466|0.001959|0.000933|0.625840
   E_Z=0.089248|0.005271|0.014406|0.006325|0.163036|0.000351|0.003162|0.010892|0.110682|0.001054|0.003514|0.008784|0.004919|0.015109|0.060787|0.005271|0.003162|0.015460|0.006676|0.004568|0.023190|0.006325|0.003514|0.001054|0.011595|0.058327|0.363317
   F_A=0.004840|0.034612|0.137626|0.020000|0.016804|0.006301|0.014703|0.023379|0.061370|0.001918|0.010776|0.098174|0.034429|0.091781|0.000913|0.003562|0.007489|0.126667|0.079269|0.058539|0.051963|0.023744|0.006484|0.030046|0.009406|0.007032|0.038174
   F_B=0.068862|0.026946|0.059506|0.036677|0.044910|0.055389|0.050524|0.017216|0.051272|0.005988|0.010853|0.044162|0.047904|0.025449|0.031437|0.037799|0.005988|0.057635|0.108907|0.049401|0.040419|0.017590|0.012725|0.008982|0.014596|0.003368|0.065494
   F_C=0.077617|0.022563|0.049639|0.015343|0.031588|0.033394|0.007220|0.053249|0.051444|0.003610|0.006318|0.038809|0.030686|0.045126|0.149819|0.016245|0.006318|0.029783|0.051444|0.026173|0.023466|0.009928|0.009025|0.001805|0.001805|0.000903|0.206679
   F_D=0.066882|0.020496|0.036677|0.056095|0.092772|0.051780|0.009709|0.010787|0.108954|0.005394|0.012945|0.026969|0.012945|0.018339|0.058252|0.023732|0.004315|0.024811|0.053937|0.021575|0.011866|0.002157|0.008630|0.002157|0.004315|0.004315|0.249191
   F_E=0.036457|0.009767|0.063073|0.049057|0.040707|0.007381|0.005368|0.007157|0.029076|0.001715|0.004100|0.106166|0.017446|0.082756|0.005666|0.002759|0.000596|0.338403|0.051517|0.037575|0.012451|0.006412|0.005219|0.004175|0.008052|0.002088|0.064862
   F_F=0.041294|0.008159|0.009652|0.005373|0.228856|0.061692|0.002687|0.005572|0.154826|0.000896|0.002090|0.057612|0.013333|0.008955|0.040000|0.003881|0.000398|0.031741|0.045373|0.009851|0.023184|0.000896|0.002488|0.000995|0.012637|0.000299|0.227264
   F_G=0.130148|0.014827|0.042834|0.016474|0.141680|0.009885|0.009885|0.070840|0.046129|0.016474|0.009885|0.021417|0.018122|0.018122|0.031301|0.023064|0.006590|0.085667|0.026359|0.008237|0.019769|0.008237|0.009885|0.006590|0.009885|0.001647|0.196046
   F_H=0.112871|0.007921|0.029703|0.031683|0.120792|0.017822|0.017822|0.013861|0.063366|0.021782|0.015842|0.041584|0.005941|0.011881|0.087129|0.021782|0.005941|0.017822|0.031683|0.059406|0.027723|0.011881|0.009901|0.001980|0.021782|0.003960|0.186139
   F_I=0.022065|0.022170|0.128472|0.028044|0.128843|0.010477|0.044447|0.002064|0.003651|0.002064|0.003545|0.167734|0.007408|0.161331|0.009101|0.006138|0.001905|0.073866|0.073073|0.036986|0.002117|0.009736|0.001270|0.028943|0.001270|0.005185|0.018096
   F_J=0.068852|0.016393|0.022951|0.013115|0.072131|0.009836|0.013115|0.013115|0.068852|0.042623|0.029508|0.019672|0.016393|0.032787|0.108197|0.032787|0.022951|0.019672|0.032787|0.019672|0.029508|0.013115|0.000000|0.009836|0.016393|0.013115|0.242623
   F_K=0.120000|0.013333|0.026667|0.024000|0.098667|0.008000|0.018667|0.024000|0.133333|0.013333|0.016000|0.064000|0.024000|0.032000|0.069333|0.010667|0.005333|0.029333|0.018667|0.024000|0.016000|0.021333|0.005333|0.005333|0.010667|0.000000|0.168000
   F_L=0.219963|0.005084|0.015740|0.013393|0.162381|0.012220|0.017304|0.003910|0.098348|0.000587|0.004301|0.011829|0.010949|0.006257|0.175188|0.009483|0.001760|0.011829|0.027373|0.014664|0.116727|0.004301|0.002933|0.002346|0.033434|0.000684|0.017010
   F_M=0.271770|0.019139|0.037321|0.013397|0.066029|0.017225|0.015311|0.014354|0.042105|0.011483|0.011483|0.025837|0.007656|0.018182|0.064115|0.029665|0.001914|0.010526|0.040191|0.069856|0.046890|0.011483|0.005742|0.006699|0.005742|0.000957|0.134928
   F_N=0.095530|0.012270|0.027169|0.026293|0.352323|0.010517|0.010517|0.005259|0.075372|0.003506|0.002629|0.010517|0.012270|0.010517|0.064855|0.010517|0.002629|0.010517|0.026293|0.028046|0.056968|0.006135|0.003506|0.007011|0.007888|0.000876|0.120070
   F_O=0.006865|0.003539|0.019605|0.005591|0.009059|0.002053|0.014651|0.002831|0.010616|0.000566|0.002477|0.081039|0.006936|0.079199|0.065751|0.007219|0.000566|0.497912|0.026046|0.009696|0.059594|0.003539|0.008493|0.012811|0.003043|0.001486|0.058815
   F_P=0.124224|0.023602|0.044720|0.024845|0.050932|0.022360|0.016149|0.013665|0.052174|0.007453|0.003727|0.024845|0.016149|0.013665|0.063354|0.026087|0.001242|0.090683|0.055901|0.032298|0.040994|0.014907|0.002484|0.009938|0.006211|0.009938|0.207453
   F_Q=0.036036|0.013514|0.013514|0.067568|0.018018|0.013514|0.004505|0.058559|0.054054|0.040541|0.013514|0.013514|0.013514|0.018018|0.027027|0.067568|0.036036|0.013514|0.036036|0.054054|0.067568|0.022523|0.000000|0.004505|0.018018|0.009009|0.265766
   F_R=0.296702|0.002485|0.003840|0.002485|0.267902|0.001694|0.001694|0.001016|0.168060|0.000904|0.000565|0.001581|0.003953|0.003953|0.153716|0.001694|0.000904|0.002146|0.002937|0.002372|0.043596|0.001581|0.001016|0.000678|0.011859|0.000339|0.020330
   F_S=0.030682|0.010606|0.053788|0.026136|0.087121|0.016667|0.006439|0.024621|0.050379|0.005682|0.031439|0.008712|0.020076|0.020833|0.025758|0.028409|0.004924|0.013258|0.028788|0.089773|0.021591|0.007576|0.007576|0.001136|0.010985|0.006439|0.360606
   F_T=0.038231|0.016219|0.012937|0.009847|0.159490|0.009268|0.005020|0.025294|0.060050|0.002317|0.006758|0.024715|0.017957|0.010620|0.029542|0.058699|0.002317|0.020853|0.067001|0.006565|0.007917|0.002896|0.045569|0.003862|0.026260|0.002510|0.327283
   F_U=0.005181|0.004749|0.024896|0.010793|0.038567|0.002734|0.035832|0.005756|0.005325|0.011800|0.008778|0.334149|0.031228|0.166499|0.002159|0.003742|0.001583|0.122895|0.104332|0.039574|0.001871|0.001295|0.000720|0.000432|0.000863|0.012376|0.021874
   F_V=0.106509|0.020710|0.011834|0.014793|0.082840|0.017751|0.023669|0.017751|0.106509|0.029586|0.017751|0.023669|0.035503|0.038462|0.029586|0.023669|0.023669|0.029586|0.032544|0.020710|0.032544|0.014793|0.023669|0.017751|0.014793|0.011834|0.177515
   F_W=0.135011|0.013730|0.025172|0.050343|0.093822|0.073227|0.022883|0.011442|0.105263|0.009153|0.006865|0.016018|0.020595|0.013730|0.098398|0.032037|0.006865|0.036613|0.022883|0.006865|0.013730|0.016018|0.011442|0.006865|0.006865|0.000000|0.144165
   F_X=0.013889|0.041667|0.027778|0.020833|0.020833|0.024306|0.017361|0.013889|0.024306|0.017361|0.017361|0.017361|0.027778|0.034722|0.024306|0.020833|0.003472|0.017361|0.055556|0.052083|0.024306|0.006944|0.020833|0.031250|0.020833|0.010417|0.392361
   F_Y=0.015979|0.009321|0.007989|0.011318|0.009321|0.007324|0.000666|0.002663|0.177763|0.001332|0.005326|0.015979|0.007324|0.013981|0.017310|0.009321|0.001332|0.011984|0.063249|0.005326|0.002663|0.006658|0.001997|0.001997|0.006658|0.004660|0.580559
